125897436348126957679354812764239185583741269912568743836912574251473698497685321
864371259325849761971265843436192587198657432257483916689734125713528694542916378
346179258187523964529648371965832417472916835813754629798261543631485792254397186
695127384138459672724836915851264739273981546946573821317692458489715263562348197
497258316186439725253716498629381547375964182841572639962145873718623954534897261
465912378189473562327568149738645291954821637216397854573284916642159783891736425
194685237382974516657213489823491675541768923769352841215839764436527198978146352
289765431317924856645138729763891542521473968894652173432519687956387214178246395
894231657762495183351876942583624719219387564647159328128763495976542831435918276
563472198219386754847195623472638519951247386638519472795864231324951867186723945
163725948584693271729184365946358127371462589852917634498231756637549812215876493
974183652651274389283596714129835476746912538835647921568329147317468295492751863
431567289729481653865329174986243517257198346143756892612975438374812965598634721
254367891893215674716984253532698147178432569649571328421753986365849712987126435
958274163123698754746153928674315289532789416819462375285941637397526841461837592
865379412924581376713642895397164528482795631156823947541236789679418253238957164
865714329917362845234598761142657983783941256596283174358176492429835617671429538
268495317194673852735128964872549631651387249943216785326951478589764123417832596
947812563583764192261935478156349287879621354324587619698253741712496835435178926
652483917978162435314975628825736149791824563436519872269348751547291386183657294
712984365346751829589263471624179538853642917197538642978316254461825793235497186
967254318184379562253186947691748235835621794742593681376415829428967153519832476
251479638948316752637258194365124879712983465894567213423691587179845326586732941
256734198891265374347198652514683729728519436963427581135942867689371245472856913
964532178187694235235817964629451783573986412841273596416728359352169847798345621
142569873385217946967438251536871429219654387478923165893746512621385794754192638
598326147314957628672481935753648291421539876869172453285764319936215784147893562
157468293238971645469532781926153478741896532583724916674385129892617354315249867
927384165684915237531672489769231548453768921218459673175826394392147856846593712
398256417476918253512743698185674329924835761763129845257361984831492576649587132
183247596295638714647915832452396178718524369369871425921483657534769281876152943
863915274429678351715324896287436915541892637936751482154283769698147523372569148
276495183843271596951863247397528461168749325524316978635982714712654839489137652
831245796726319548954768231419872365368451972275693814587134629193526487642987153
168257439792436158543981672639874521415629783287315964924763815371548296856192347
751432689293168574468759312587243961319675248624981735836524197145397826972816453
318692547254781639697543128563974812721368954849125376176459283485236791932817465
578213649263549178419867352724196835356482791891375264932651487685724913147938526
956417832287536149341298765794153628815762394632984571178649253529371486463825917
632951847814672953759348126391725684476189532285436791548217369927863415163594278
285746913731859624946231587354687192812394756697125348179468235463512879528973461
123897546956413872847265193691378254584921367732546918219634785368759421475182639
851429376973658214264173589438517692629384751517962438346791825185236947792845163
761495823284367159953128467625784931138259674497631582346512798579843216812976345
687935241913247568452168793396721854278459316145386927569874132831692475724513689
654837291389214756172965483896451327237689145541723869918346572723598614465172938
712396584354718629986542371165824793479653218823971456698235147231487965547169832
275614389938572641164938257856427913342189576791356428619745832483291765527863194
674291358239857641581346927913785462762914835458632719845169273326578194197423586
268749531743251968519386472984537216356412897127968345895674123632195784471823659
459721638126483957873695421712536894598274163634918572347859216961342785285167349
593721864287465319164893275725938146849156723316247598951682437478319652632574981
596341287724985631813627459349258176257163948681794523132579864968432715475816392
746853291592716483381492756925671348638549127174238965257364819813925674469187532
625478193819236547743519826961347258574682319238951674456193782182764935397825461
