Sudoku number: 76
Numbers to remove: 3
Population size: 500
Max generations: 1500

Pre-Solved Sudoku Field Number 76:
5 7 4 | 8 3 1 | 2 6 9 
2 9 6 | 4 5 7 | 1 8 3 
3 1 8 | 2 6 9 | 4 5 7 
---------------------
7 8 2 | 6 9 5 | 3 4 1 
6 5 9 | 1 4 3 | 7 2 8 
4 3 1 | 7 2 8 | 5 9 6 
---------------------
9 4 7 | 3 8 2 | 6 1 5 
1 6 5 | 9 7 4 | 8 3 2 
8 2 3 | 5 1 6 | 9 7 4 

Unique solution found!

Changed cells:
0 0 0 | 0 0 0 | 0 0 0 
0 0 1 | 0 0 0 | 0 0 0 
1 0 0 | 0 0 0 | 1 0 0 
---------------------
0 0 0 | 0 0 0 | 0 0 0 
0 0 0 | 0 0 0 | 0 0 0 
0 0 0 | 0 0 0 | 0 0 0 
---------------------
0 0 0 | 0 0 0 | 0 0 0 
0 0 0 | 0 0 0 | 0 0 0 
0 0 0 | 0 0 0 | 0 0 0 

Beginning Sudoku Example:
5 7 4 | 8 3 1 | 2 6 9 
2 9 2 | 4 5 7 | 1 8 3 
8 1 8 | 2 6 9 | 1 5 7 
---------------------
7 8 2 | 6 9 5 | 3 4 1 
6 5 9 | 1 4 3 | 7 2 8 
4 3 1 | 7 2 8 | 5 9 6 
---------------------
9 4 7 | 3 8 2 | 6 1 5 
1 6 5 | 9 7 4 | 8 3 2 
8 2 3 | 5 1 6 | 9 7 4 

Finished Sudoku Field:
5 7 4 | 8 3 1 | 2 6 9 
2 9 6 | 4 5 7 | 1 8 3 
3 1 8 | 2 6 9 | 4 5 7 
---------------------
7 8 2 | 6 9 5 | 3 4 1 
6 5 9 | 1 4 3 | 7 2 8 
4 3 1 | 7 2 8 | 5 9 6 
---------------------
9 4 7 | 3 8 2 | 6 1 5 
1 6 5 | 9 7 4 | 8 3 2 
8 2 3 | 5 1 6 | 9 7 4 

Answer to solved Sudoku valid? --> true
