Sudoku number: 10
Numbers to remove: 4
Population size: 500
Max generations: 1500

Pre-Solved Sudoku Field Number 10:
5 6 3 | 4 7 2 | 1 9 8 
2 1 9 | 3 8 6 | 7 5 4 
8 4 7 | 1 9 5 | 6 2 3 
---------------------
4 7 2 | 6 3 8 | 5 1 9 
9 5 1 | 2 4 7 | 3 8 6 
6 3 8 | 5 1 9 | 4 7 2 
---------------------
7 9 5 | 8 6 4 | 2 3 1 
3 2 4 | 9 5 1 | 8 6 7 
1 8 6 | 7 2 3 | 9 4 5 

Unique solution found!

Changed cells:
0 0 0 | 0 0 0 | 0 0 0 
1 0 0 | 0 0 0 | 0 0 0 
0 0 1 | 0 0 0 | 0 0 0 
---------------------
0 0 0 | 0 0 0 | 0 0 0 
0 0 0 | 0 0 0 | 0 0 0 
0 0 0 | 0 0 0 | 0 0 0 
---------------------
0 0 0 | 0 0 0 | 1 0 0 
0 0 0 | 0 0 1 | 0 0 0 
0 0 0 | 0 0 0 | 0 0 0 

Beginning Sudoku Example:
5 6 3 | 4 7 2 | 1 9 8 
2 1 9 | 3 8 6 | 7 5 4 
8 4 8 | 1 9 5 | 6 2 3 
---------------------
4 7 2 | 6 3 8 | 5 1 9 
9 5 1 | 2 4 7 | 3 8 6 
6 3 8 | 5 1 9 | 4 7 2 
---------------------
7 9 5 | 8 6 4 | 1 3 1 
3 2 4 | 9 5 8 | 8 6 7 
1 8 6 | 7 2 3 | 9 4 5 

Finished Sudoku Field:
5 6 3 | 4 7 2 | 1 9 8 
2 1 9 | 3 8 6 | 7 5 4 
8 4 7 | 1 9 5 | 6 2 3 
---------------------
4 7 2 | 6 3 8 | 5 1 9 
9 5 1 | 2 4 7 | 3 8 6 
6 3 8 | 5 1 9 | 4 7 2 
---------------------
7 9 5 | 8 6 4 | 2 3 1 
3 2 4 | 9 5 1 | 8 6 7 
1 8 6 | 7 2 3 | 9 4 5 

Answer to solved Sudoku valid? --> true
